[Variables]
ercf_calib_0 = 1.0
ercf_calib_1 = 1.00009755658
ercf_calib_10 = 1.0
ercf_calib_11 = 1.0
ercf_calib_2 = 1.0009113056
ercf_calib_3 = 1.00254278287
ercf_calib_4 = 1.00009755658
ercf_calib_5 = 1.0
ercf_calib_6 = 1.0
ercf_calib_7 = 1.0
ercf_calib_8 = 1.0
ercf_calib_9 = 1.0
ercf_calib_ref = 1059.977893

